5.088192705735013893e-02
1.994665533149235781e-01
3.899068340719178544e-02
1.111281638704583567e-02
1.284307142615877077e-02
4.269044617229688851e-03
1.236560438342851429e-03
5.414507054286155259e-03
3.159664783820679765e-03
5.465720850033849859e-02
1.741046459107975508e-02
3.159102849877387219e-03
4.692027120073598984e-02
4.159717552770533233e-01
8.399785036881554992e-03
1.562210126990847383e-03
4.154256066908871420e-02
1.030252097133701881e-04
1.090076842599051665e-03
5.724734165358129345e-02
6.898560136607108884e-06
2.589334282645933474e-02
3.688870622419909468e-04
2.614130484516636547e-03
1.774442312755063591e-04
3.148336345224869021e-02
4.998431341771052226e-04
7.839302246179543146e-03
6.791898836984974590e-03
4.544325112419935614e-02
8.901501882481601497e-04
1.886368805025198008e-03
4.883125965613807629e-02
5.412730071254767558e-05
7.012734022106379295e-04
9.956294393816028155e-05
6.502582513271915228e-03
1.344409193059764585e-01
3.802915752928907184e-03
1.737673571428709554e-02
7.912644494430971787e-03
1.867124610717023131e-04
8.196631533390558513e-04
1.643171928065670015e-02
7.816873248648237207e-04
7.558827340415641156e-04
6.895335018674610128e-02
1.374896731532910220e-03
3.050154739043226372e-04
2.735501842997492550e-02
4.444810671891899490e-01
7.355285293401964651e-03
7.893162914239984073e-04
2.046642552756454125e-01
7.999079899028736784e-02
9.438775098185199497e-04
6.107983969968267153e-03
5.697005672772842422e-03
1.279531153782071913e-04
3.109073119791864320e-03
5.238229591771313167e-05
8.526726050434898759e-04
1.413727649780091100e-03
1.773887593477605634e-02
1.492757217063465501e-04
1.544367238758551364e-01
2.556739969356719715e-04
9.056279096985126939e-04
3.964399828571864293e-03
3.236679171706970375e-03
2.422967492364058641e-03
1.259895253314213814e-02
5.402161441338935608e-04
2.994802246579529939e-02
8.993956188080404202e-02
2.131142215705105348e-04
2.527028697061968108e-04
1.843604172800169399e-04
2.255283829646053534e-03
4.473493533073395756e-02
4.705611437856479506e-01
2.170877268405431784e-02
8.352659528146673818e-05
6.378159188096132635e-04
5.104519078047094655e-05
1.183272686226330720e-03
2.676750286056972863e-02
1.841803313066664699e-04
1.535321807679321509e-03
6.359053364596834422e-04
5.128217604934089818e-02
8.813332553781087764e-02
1.878807652601082357e-04
8.048117043077616375e-04
6.805159053516011136e-01
1.262939428321285251e-01
2.617533169467740960e-04
4.471834881318203364e-03
4.104129950002477489e-04
3.301164153831903647e-02
1.333464169111339866e-03
2.236503118371352405e-02
5.308683763273136513e-02
2.195075586855240509e-03
5.702502281037912478e-03
8.905380664379596977e-04
1.386566828747391776e-03
1.446208744045493716e-04
1.149261489503128862e-02
6.820936243746359134e-04
9.532574127012968107e-03
6.653308667794187762e-05
6.424324561651287464e-04
2.928329721935637488e-03
1.821649442593064737e-05
1.617210441444461933e-03
3.617062970537560096e-02
6.722946626107419853e-06
3.057818912294638179e-03
1.164711054075254076e-01
9.089814916114728337e-05
5.547891398620851061e-04
1.062569956587623102e-03
2.535304178473496081e-02
1.824384561315938250e-02
1.496375963440314816e-02
8.660145353927787421e-03
9.591963466038502806e-02
4.630570198937660050e-04
5.717988612072892607e-03
1.606757828679700921e-03
1.771985116504840507e-03
2.071620719619514106e-01
4.726676841669304532e-03
8.230786244774589838e-04
1.444803735078843514e-02
2.564034293728895565e-04
5.205788650972729970e-03
3.273312831201394073e-05
3.888552051717647398e-04
3.267483542299605458e-04
1.348503171846764451e-02
5.156120276759052455e-03
2.622022614583144687e-03
2.474683387134264841e-04
1.495974716615747170e-04
1.523334936071499713e-03
3.783224635303407066e-03
4.144420584330518005e-04
8.026122634586839791e-03
8.336396479431179909e-03
2.065479120363292713e-05
5.233691104125014985e-04
4.416799553833400643e-05
2.491917469653968931e-01
2.050859737337742267e-02
1.990457787718730685e-03
6.442176370303243261e-06
1.479629160577745862e-03
1.257544721238828189e-03
1.258761815228149339e-01
3.732517892049607225e-04
7.240770189401732684e-05
6.609872263504220323e-03
1.140596821389221411e-03
3.830459387249503522e-01
7.445225051834169746e-04
1.111714905028210335e-03
1.250261031415985490e-05
3.496460229966039546e-03
3.573893716522215120e-03
3.351358461726029834e-03
1.712619281231759216e-01
1.962708330511867081e-03
1.296849703562511780e-01
8.702562805919245026e-02
1.038762268473484435e-01
2.451378964034695365e-02
3.050451641419882690e-02
4.277489107885510192e-03
4.904034259930064275e-03
1.923264967622706489e-02
1.380721931732995823e-02
1.964970380831377195e-03
1.689346813903048194e-01
6.645884661609246678e-04
1.129784537573126770e-04
1.432720665329228864e-02
8.463993121664312256e-04
1.611954957056239025e-03
5.000549858095040357e-05
1.996727681387557712e-03
6.799109971398178054e-04
2.310169853732947447e-04
6.757655534683235099e-02
8.590031080101571623e-05
4.763045375770775646e-04
7.037454107973697970e-02
1.250814877835867978e-01
2.228572357773709808e-02
1.254599359998118113e-02
6.247025345224491155e-03
2.742129254665183740e-03
1.516597774258574352e-02
7.722254363192042857e-03
5.646273547134364468e-02
7.832861529088928909e-02
3.172998080891944322e-02
7.220738364912088376e-03
4.911351154185100015e-03
6.565111211720516980e-04
5.094085014751348675e-05
5.323235437784798810e-03
2.987693323904773088e-02
1.959055028451425762e-02
9.030061879538543376e-03
8.706442273259977147e-03
1.189761931722293402e-03
1.297810465734227162e-03
1.127370009361920999e-01
4.644589134991811315e-03
1.989588656551761342e-03
5.012887305999592577e-03
3.471731596303873502e-04
6.065140438800795814e-02
5.124383426476607911e-02
4.618524906270285446e-02
2.785464792356000339e-03
2.160734534848439935e-03
1.894433496919317814e-03
3.157845238662569665e-02
1.504016914094700140e-02
4.144089873025890401e-03
5.697712860725269446e-03
3.412843000672313026e-02
2.673291835795293166e-03
7.394669813737839680e-03
4.008763519908566109e-02
1.113102710319067469e-02
5.396582813515908312e-05
1.455784752794929242e-02
8.047254759608185593e-03
1.806145015718674729e-03
5.553088895099725537e-03
1.398932693648381742e-02
8.392759104504564638e-01
1.882415039690288339e-02
5.375021139730296049e-02
2.853123695498377410e-02
1.453099572111189036e-02
8.085936330339832043e-03
1.434918887037174018e-01
2.212392275848598124e-04
2.637255163169852329e-04
1.776353739456839774e-03
1.020457573277934633e-02
1.874261651920506450e-02
4.736021672861538169e-03
2.712933196839302941e-04
1.576614062912842334e-05
4.279469319579527926e-03
1.195681768812868577e-02
8.717912995795665460e-05
5.077055883683540688e-02
1.872666946655204140e-02
2.079405335862475734e-03
3.895896304337814319e-04
9.043092748726311303e-02
2.177851536426786069e-02
1.783591172765379429e-03
9.856254665580030383e-03
1.566683922754439620e-03
9.315299000855194146e-04
4.127955905416141359e-03
9.425770341727409156e-04
7.047361169657934653e-03
1.079049680590654821e-02
9.622825517560416875e-02
1.313663365905808354e-05
1.504684043359482380e-02
1.189888229027353805e-01
1.686120872388204364e-02
9.180383583199832470e-03
8.817972285731293103e-03
1.360316695147266268e-02
6.462565376121884916e-04
2.014138437482301258e-01
1.945243442222950245e-02
2.600285816787686888e-02
2.369475336830948776e-03
2.190572419019401701e-04
3.625217962911042699e-04
2.009237831388429804e-02
3.633512910659624732e-03
3.375705189981530879e-02
7.130527587471532035e-05
5.336314703169645068e-02
1.200766566424271530e-04
1.976668478289101468e-03
1.814494356706947229e-03
1.980497948431164668e-02
9.475635585021614793e-02
1.014904862475997805e-03
4.415918643814626190e-03
9.674411308651508380e-04
7.151545768509486988e-05
1.293985867204144012e-02
3.330424137640000323e-03
2.218360479035248484e-03
6.927447470625211316e-04
3.718474514166911910e-02
1.665069830731287016e-04
1.842491635315500823e-02
1.993174277330284766e-02
3.343858910082991289e-05
3.053616893522420866e-03
4.016788556677423211e-02
1.390067737512188945e-03
1.433029256963481591e-05
5.128664185566423131e-04
7.923820094156338797e-03
5.880530895433856752e-04
1.415061544968806706e-01
8.139520101861491812e-04
5.445950588380547158e-03
5.152086390719011998e-03
3.486157872721498945e-03
9.567358618492375190e-05
2.504254784568185621e-03
3.365586501766658356e-02
2.747856656987258343e-03
2.731927308472037290e-04
1.438076547481314041e-02
1.630039059295695317e-04
2.193857595910473496e-02
9.311520734654739340e-02
1.547253343669610464e-04
4.253281606225804397e-05
1.696148768213593117e-01
1.140050599960580197e-01
2.400184718652670051e-05
3.313914696121202943e-04
3.307747382030148259e-02
1.575927469502191001e-03
7.045057542941256246e-02
4.550525144248168674e-02
8.781779786767857088e-02
1.099144380845248903e-01
8.492484886449189196e-02
1.521131990021637806e-02
1.222379817044192828e-04
2.877575577919763705e-02
6.368438516149968118e-05
5.133497708953683840e-03
6.454731853870689928e-01
1.239728996465712559e-02
3.943868396776648022e-01
5.853798069224923871e-03
1.549527050386971007e-02
5.025735834984331249e-06
2.419426637858232792e-05
5.172095201978196832e-02
8.550697588505460356e-01
1.770917621408696907e-01
6.040799719721045690e-04
2.108365075414911198e-04
3.292046395945602989e-04
4.724759644657188645e-02
7.290336042863945765e-02
3.900790560526693862e-04
4.263282384834057859e-02
4.168405663245738739e-03
2.727031460067549373e-01
1.463581414257631568e-05
8.987296695707548732e-04
1.059876780540996164e-04
3.018935558065159383e-02
8.812256213350719986e-03
1.736329456943791613e-03
9.615256220238274643e-02
3.039671760923590496e-02
3.321411832105073563e-04
4.252848920183690401e-02
2.386822238090537118e-03
5.287873144210972209e-02
9.588571037512293449e-01
1.750973058524895503e-03
3.180161695757119920e-04
2.191075475450592336e-01
6.079002551712654467e-01
1.368000892663048590e-03
3.465019337414531166e-04
1.487744329091150036e-02
2.447664421135803750e-03
6.896369008660963289e-04
5.929175771409889162e-02
4.072341188631059712e-03
7.836945029536052099e-03
7.275967417011476937e-03
9.856162970681214136e-03
6.560125396566825196e-02
5.181542761903189243e-02
8.596184276195383662e-05
4.458607928606235266e-04
1.386849697570121894e-04
1.844034080432297579e-02
1.629584982768623666e-02
3.468417642229666698e-03
5.097902285594055338e-02
3.476606703648968399e-02
1.780462023660443630e-03
9.303924489785017973e-03
9.527117522678789363e-02
9.827214093607987162e-04
1.079312920113160382e-03
1.496689476075007373e-02
5.131283751817444783e-02
1.126399955220108023e-03
5.147161421033177864e-03
8.880955854925497205e-04
1.003271879259894084e-02
5.139219228950567915e-04
2.698972469536872060e-03
1.238701485330320567e-04
5.104560823122898574e-04
5.702763581470532330e-04
9.925575847210033748e-03
2.143226284185881670e-03
1.802245157210280880e-03
3.000589681432163647e-01
5.640693190630615694e-01
7.758290144031115311e-03
1.134488862717895682e-05
4.779198666774600070e-03
6.041434044836825265e-03
4.327683604198037442e-04
4.610468194558153820e-03
1.174690472490174387e-01
6.286099521665302172e-04
1.675824512716366302e-02
4.291077043607131707e-03
3.334874277545554766e-02
1.047326083018870784e-04
7.739401288921581891e-03
7.719573627020002516e-04
3.409512999852860188e-03
5.132624830098824224e-04
6.323273121429251334e-04
2.835045883794439772e-04
1.853141924428382964e-02
1.973498444803737165e-02
6.799070971660008122e-02
1.285591238661420305e-02
3.098357565482595579e-03
1.393886953018222928e-03
2.518469153910357985e-02
6.387187364144288892e-01
3.252801263505104151e-02
9.655859902842190909e-03
8.448110284547707656e-04
1.485850712965406913e-03
6.102001904971184922e-03
2.871217946539854435e-03
7.220714667313396853e-04
5.294433744960485308e-04
5.406776135879359270e-03
1.432811932914324060e-04
8.726172742451963546e-03
1.490704581815753375e-02
3.747085693715397885e-04
2.421725908208270314e-02
2.189696315796074363e-02
2.448693602863477830e-04
1.282116434604853436e-04
2.227229498941535064e-03
3.208291167723590492e-02
5.260440749138653796e-03
1.537215900548475657e-02
1.120670297367367535e-03
2.572178599619814681e-04
7.550899608921688051e-04
3.299467974959163254e-04
2.502655128944695747e-04
4.372880241199611495e-03
2.590891219291329151e-01
2.910990647414997499e-03
3.331696121251984458e-03
6.073258211369373522e-02
7.340619751821468846e-04
4.186266122169718742e-05
2.406481758291721673e-01
1.850802125370703058e-02
2.381218380517647476e-02
3.639532350334778038e-02
4.655519580220010735e-05
2.830561684073392217e-03
2.634006883052741974e-03
8.097573279333995441e-03
2.227751656356234122e-01
4.538093287706847673e-05
1.593110821332723416e-03
1.853575597706800734e-02
5.268305240836486207e-03
2.876200803274245698e-05
1.924712703995662194e-03
1.734833436116292951e-04
1.014231899896549452e-02
2.191538103665751584e-03
2.127358830748175833e-02
3.212973480523369924e-02
9.583069948482446365e-02
3.486802342717734149e-01
1.346864015268261182e-03
1.969412037633171408e-01
2.604295209683112847e-03
1.760887136678134565e-03
4.668683256281944420e-04
1.032621456424154878e-04
8.622742129100828545e-02
9.588268448763252304e-05
1.302683066565359093e-02
1.841763389662293485e-02
6.075974460644902042e-03
7.910396125807177270e-02
6.007516978982076900e-02
2.465626786711173262e-04
2.265354429189027699e-02
9.520530470378361508e-05
1.117618366068741663e-05
6.153374171816400166e-04
1.528709368617425270e-03
1.055935226361962194e-03
3.864774227701538254e-04
6.006974345030266504e-02
6.073872526635507030e-04
6.594793289314884177e-01
5.374714100954260197e-04
2.962905519889430170e-03
4.145969547788274376e-04
8.054444702397099047e-04
3.816093740706354544e-04
9.146620684771550325e-02
5.052368791000800023e-04
2.652446693949666971e-03
3.169297558346853561e-01
9.015935522165471330e-04
7.248555287762492930e-04
1.638100727083579081e-02
1.599305746860918767e-02
1.528780202008900475e-03
3.460487684464951750e-05
3.659523819080837256e-04
4.985707969903259082e-03
1.907479704730483670e-04
1.651302856133888717e-03
6.916583835226115069e-04
7.473002196129368896e-04
3.689777730708507036e-04
4.007962422000951874e-04
3.115579181368543712e-04
1.479813045341014325e-04
9.132909091584994615e-03
2.345289586949441188e-02
1.567721273661160629e-04
3.133320263922346194e-01
2.117403658293961349e-02
2.957957037370262474e-03
2.957957839167744182e-03
4.163628318394404647e-04
3.000349529172112450e-02
1.539894222667771793e-03
1.810080162714586098e-03
3.411197682623602211e-04
3.373502413426030522e-01
9.286109315615626372e-03
6.649031128166039972e-03
9.615416988198448745e-04
9.684898426976281939e-06
7.466464385547928566e-03
8.685396903315839839e-04
1.780906310791778992e-04
1.532767654069434882e-03
5.984322395062684479e-05
5.137254974283308323e-02
1.321502254655011928e-03
1.510141580534125894e-01
1.290440911692020826e-02
4.299588922739922686e-02
9.795576853494122448e-04
5.068804769307361409e-03
3.025803178509087199e-01
1.132582807270546667e-03
4.809696549415437214e-03
3.465606570936533570e-01
7.515414539546057780e-03
9.599653419443047824e-05
2.499602598475107046e-02
4.479782553054404218e-03
8.238050249602396277e-03
1.915190987004523546e-02
1.042114116739790118e-02
1.245520838717289482e-04
4.638634017519192897e-04
2.296787123618530130e-02
2.321246024637543814e-01
1.609521060476191978e-02
1.469898266591297513e-03
4.417316987274846202e-03
8.531172533466093409e-04
4.320166755222848843e-04
5.459233104841559880e-02
6.424737297538088976e-01
1.432726082270431459e-04
1.647244971680218565e-04
6.897757564689371889e-04
2.852689613827345556e-03
1.503605429642622783e-03
2.395601239322797660e-04
7.249651151928080545e-03
7.879751469505107131e-02
4.938229545122054254e-01
2.240867976079338514e-04
2.886856781340577105e-02
1.429904906332837681e-04
4.473096966066656549e-03
9.561691470913272553e-03
1.119567762767928118e-02
1.408698807977468159e-02
1.718715809853415544e-01
2.345417226297449723e-04
1.487188420141533291e-03
7.814317338685929440e-03
1.766178102707123276e-01
1.517001855757314321e-04
5.231069458526103888e-03
1.441396934457735306e-05
7.888156838351354384e-04
1.471756870809605476e-03
1.656119516164110102e-03
7.488277467622035926e-04
4.548996851342011066e-02
1.369036538050298640e-05
2.127710155826428515e-02
3.280961286455381216e-04
9.289067189442383465e-03
2.989629245858731427e-04
2.037433265523465320e-02
3.091153874798235196e-02
1.350546667144865987e-01
4.245587711556561062e-04
1.995747971519855890e-01
1.122831312318869484e-01
1.907209091262894174e-01
2.998642137925753865e-03
1.394791009138079407e-01
6.992446689094672201e-04
1.704830863965685617e-01
5.020180661900890823e-03
1.158414827173106674e-03
3.909322310076254807e-06
1.266912947859192423e-03
9.314424059947134030e-03
2.084887781922373749e-03
6.037706757065881835e-02
1.608425684533880407e-02
4.740408021805222333e-03
9.146263171186458851e-04
2.359512417686664837e-02
1.183127105441029482e-02
4.352015574602959708e-02
2.839418127337502498e-02
7.986774979669137783e-03
5.046337358087749775e-02
9.730567813531422645e-04
3.734064078499096701e-04
2.025992069501168769e-04
1.831948445404394527e-02
9.809305446814975404e-02
1.820295048509457461e-02
4.029053739955034547e-02
3.871383735020932776e-02
1.614941828008994269e-04
1.342796976473726363e-03
4.864934765990544009e-03
1.956994310349344790e-01
9.438366161936563234e-03
1.347941872149430176e-01
2.450208073104155268e-03
5.343172473886765098e-03
4.965131771639439209e-03
2.200499153995603280e-02
8.141626206178448344e-03
9.761236973646881393e-03
6.141356045674332270e-02
2.849151895139431724e-04
1.181017415705049381e-02
1.486807334987297162e-03
6.185246205839399112e-05
1.954052530429528059e-04
9.179137163669479852e-04
1.583261298429320622e-04
4.159979502725869895e-03
2.109446188279920711e-02
1.560304889686521708e-03
1.084476094659274706e-02
9.136709724925204303e-04
6.800281372902746910e-03
1.135535537657576246e-03
4.523979037136582892e-02
7.363530804000749733e-04
9.862323637905189289e-01
7.024551059268401574e-04
1.544760770927076411e-04
4.693059274585170975e-04
3.912545735995377402e-03
6.172351377526219540e-01
1.215527415078537397e-03
1.879506134684135951e-02
1.732202778963555512e-02
3.907764215956622406e-02
1.283897480140998131e-02
2.647883478697402038e-02
1.782950137240801869e-02
1.286791140579187330e-02
6.040041823143315995e-03
2.863175977699367026e-04
9.369955315046366723e-03
3.019280932640224999e-02
1.292012264270853486e-02
4.254361087761269512e-04
8.123293205891033136e-04
2.040886008976500101e-03
1.450371291697914001e-05
1.756624481027369228e-03
3.049141418930391770e-02
3.591206462411701810e-03
5.440899629694421298e-04
1.826490711698068592e-02
6.055012447715958646e-02
3.844500560077054874e-02
3.783580454792370013e-02
6.308695021973488581e-05
1.552717665716477936e-02
1.263875573465379591e-03
1.519504832893704520e-02
2.161200582457012149e-03
8.957756977251395136e-03
9.994789732970260632e-02
1.288395736685555128e-03
1.488212346196519410e-03
1.822678302459240915e-03
1.528757713744836322e-01
1.047823075727735118e-04
3.497842947773567774e-04
2.476620520687774357e-02
2.930056424475575459e-04
4.845708695181893400e-01
6.702423338529084340e-02
2.459552662528816103e-02
1.064549424444444139e-03
1.362354904605423854e-03
8.231974608985009531e-03
4.660897216565634826e-02
6.113025454223836724e-05
3.674576749505649095e-03
3.150556116270992069e-03
3.563067833523819034e-03
1.950984687235511128e-03
1.188592929374942056e-02
5.681301494702190730e-02
7.784390448650692351e-02
2.398445160324814626e-02
4.503240993048382435e-02
3.118406072496421273e-05
2.542887707179343807e-04
6.834906540924579402e-03
2.911902951701911615e-02
1.404082465047296101e-03
1.264098706792801327e-02
6.086398925768245292e-04
4.098580254870039241e-04
2.319297046417412994e-03
3.778313499066248554e-02
1.749473229716678275e-03
7.227709471341382287e-03
4.745547714095446103e-03
3.710735653625708407e-03
4.626640426957019957e-05
1.154298912538586908e-01
5.780215742403930438e-04
8.868896254017240646e-03
6.967547376371342228e-03
2.017644533010328617e-02
2.586866577430100428e-02
8.802813909281796689e-02
8.932312499919988630e-03
3.175920425287498405e-04
2.317027343135071374e-02
1.162239058374830991e-02
9.094814305397025921e-04
3.784250068978796432e-05
2.545033433014108615e-02
6.353393413278464984e-03
6.373173943556697391e-03
5.148338848196419484e-04
1.270234393446397771e-04
1.548414445141826079e-01
2.790860296828343739e-04
3.035136543365993006e-05
7.613124624197369062e-05
4.517791278326855654e-03
2.934381369402600317e-02
3.265010736121336677e-03
2.702119346639961783e-01
3.884755685918053064e-02
4.249189124118434718e-03
1.057658260516264759e-03
1.208108881470095625e-02
7.976875339904494766e-03
4.937011663240436360e-02
7.676058925663760413e-03
4.912055814547474850e-03
1.819790980154542548e-01
2.396177210333111027e-02
5.335424255830511088e-05
9.007775624940813275e-04
3.642787074274267487e-04
4.647984609113969302e-04
3.037291606799584487e-02
6.637554293112917846e-06
4.325382762795861751e-04
6.579549001916299225e-03
1.291721831654868251e-02
5.770970949450137111e-01
1.275504023733071285e-04
7.421682467497222983e-04
2.346740862067023497e-04
1.483463740040961450e-05
1.365097052465021402e-02
2.369435519409871654e-02
1.719257810461507607e-04
7.752593548542736634e-01
1.935893813323061785e-04
1.254784050120548390e-04
8.026553901905451871e-03
2.311901495135754159e-02
1.867182781395529444e-03
2.668428577510192565e-02
5.462704211181801384e-02
6.838223410971257070e-03
2.498994186502200010e-04
6.393773481788531544e-04
3.904062639055994022e-04
2.972019767597133821e-02
3.757707032186280655e-04
4.168238012489195767e-03
5.979288946388611713e-03
1.040698530915585285e-01
6.209914162437969037e-02
5.929477833225841460e-03
3.034272079795950067e-02
5.737673097720042553e-03
4.246877185169407182e-03
3.962511255817834956e-04
1.770716986192793422e-04
5.093148565014682426e-04
9.407207221651782414e-02
2.359912173304620081e-02
1.037372195709574188e-02
6.637878374406274047e-03
1.080670902915641281e-03
3.709221102469371922e-02
2.989509841401088563e-03
1.640933820011514221e-03
7.590903701019616895e-04
5.013261797925570672e-05
5.857553096401239140e-03
4.200163977069940312e-05
9.733025965089873869e-04
2.655014158423722737e-03
3.569284761815856750e-03
1.216789036925258576e-02
7.696799196452932959e-04
1.968433809629017810e-04
1.463731240953874057e-03
8.555290408902630622e-03
1.495309640486143787e-01
1.744784537483055334e-03
2.088291516408116721e-03
1.103860736270285563e-04
7.494464950313793530e-04
6.721515523948970591e-05
1.277773572216791371e-03
4.325338884564686008e-03
9.413482193851371513e-03
4.886053275800005674e-02
1.394614626707137428e-01
3.763896776846779911e-04
6.991126805525311018e-04
1.832211226677315022e-02
9.098592989224465327e-03
2.235690093035099402e-03
1.994635976574290104e-04
5.831238192722900445e-04
7.978446615635954907e-04
1.418929658579149095e-03
1.395255554550155989e-03
1.311845696836383586e-02
2.299571237462325057e-01
8.048443404451455230e-02
1.754715391681527584e-02
5.494363411766529232e-03
1.739005211701797823e-02
6.640342431423446222e-06
3.009733398076959443e-02
5.309420200114791655e-01
3.059184636185741657e-01
2.283674875992982786e-02
1.237234101850027794e-04
6.944158412564102210e-04
4.660398340384004461e-03
6.320469116707876219e-04
1.143728189719305096e-04
2.325787530264067371e-02
5.480779993779575634e-04
2.146739303695115435e-03
4.512470033733029587e-03
7.511904131186344577e-04
4.888651760277647196e-03
1.571892860056458858e-04
1.400403853007119344e-02
5.069494166665302996e-03
9.603272435419371285e-04
1.000233056683562938e-01
4.553522662957731892e-01
1.795032810436543100e-02
1.470035039976167954e-03
6.032378874496409880e-03
8.986231335116774135e-05
8.744104811637966324e-02
6.346349062769134552e-04
2.432330460324625201e-02
1.356906854851925026e-01
2.395084868001081391e-01
1.176950507276208627e-03
1.999632328569911910e-01
1.880756811624706166e-03
2.259736936205464968e-04
4.544202187912683467e-03
1.135430409946393173e-04
9.417894625585690460e-02
1.817213349161825325e-05
1.001982108101555379e-04
1.292690206315345652e-04
2.225018422060923043e-04
7.615967390853193306e-04
1.449482734314693107e-02
6.323730438587820205e-03
2.134441341501706543e-02
5.908630477645953824e-03
2.984292441208795110e-01
1.091394343035819413e-02
1.482222515053510420e-04
2.371983147672614514e-04
4.885447048336511583e-02
7.611478798989955116e-05
4.342908226151647247e-03
5.793615295823584602e-04
2.913998359460029776e-04
2.791013766864584161e-02
2.488516171169919138e-04
3.585946682030555221e-02
4.951422322554094313e-02
4.014864927076739962e-03
5.195754152693005936e-04
2.033417991486262399e-02
3.749229964285321487e-02
4.805038274720447970e-03
2.908496201255933097e-02
6.185646063651373608e-03
4.855653312349516074e-04
1.397785762043868675e-03
3.257225130728552752e-04
1.137310544486653738e-02
1.387815646040544290e-05
3.878450327116917187e-03
9.047319268244461104e-05
7.872701706820903851e-04
3.967859417646353304e-01
1.249898547805354185e-02
2.625448364598513117e-03
1.718374594855952037e-04
1.417106550190606407e-03
8.636878158497255861e-03
1.139494939003183596e-03
3.413128887970236919e-03
9.369625451102399707e-03
1.398139853055394672e-04
1.364552047373469336e-02
2.879950748289806378e-02
9.553489193709397975e-01
5.241719477047639408e-01
8.903415850294279510e-01
8.352908733899983007e-01
8.670590613004524050e-01
6.054018863221574676e-02
3.099848541417221659e-01
3.483569686603613103e-01
9.565264077508670582e-01
3.887407534145717602e-02
6.553792664513239385e-01
5.978152534998300016e-01
4.467097864410239649e-02
9.651080722066145423e-01
8.467530953353552547e-01
2.746881021344880699e-02
8.246501491353118718e-01
6.706002457441412323e-01
7.586956573409036064e-01
6.246432336564533561e-01
3.262595193945313499e-01
9.872487831179611595e-01
8.927558082504244430e-01
9.098433295366341322e-02
7.861803362201748024e-01
6.603975433810164164e-01
4.868901084933789924e-01
6.447003838330693792e-01
8.842616330893808829e-01
4.171602315867481425e-01
2.085372671253895860e-01
7.987256589929668804e-01
1.195884626285564217e-01
9.250325472565031903e-01
9.924912856425124330e-01
1.562647719644200683e-01
9.306251378798401364e-01
1.383152814742248382e-01
7.604596093196150930e-01
2.423918441435296833e-01
5.525782692906622273e-01
4.225419558239754819e-02
3.271499187052647750e-01
7.969226163288215536e-01
9.106295089843197132e-02
5.517358188895294946e-01
6.494354909107423746e-01
6.118817908534538441e-01
9.673811223059086695e-01
9.771850830087271955e-01
7.636932826170089728e-01
3.476446591834015942e-01
1.848388234069297531e-01
9.219007359304169924e-01
4.190541576162928883e-01
7.598693992389288221e-01
2.453369373833590439e-01
2.005839107675911615e-01
9.871548336172785154e-01
5.075978678385276721e-01
8.760958987668293618e-01
8.510917595403627578e-01
9.557724668478743135e-01
1.379676310201539691e-01
2.683955023587499822e-01
2.243385640984520146e-01
3.055048778419788141e-02
1.951484048388045789e-01
5.833743655772709591e-01
3.606105874448414239e-01
1.255546832062340579e-01
3.472234409409836187e-01
6.514878396249341730e-01
1.206201494613753783e-01
1.338648516906912611e-01
9.620719604558343185e-01
4.976535292396229160e-01
9.217620218742142990e-01
6.009783665928802865e-01
9.935295986210550545e-01
2.789351840911045155e-01
7.774029862596992801e-01
6.747723289060570950e-01
7.521202190180781288e-01
3.907490786767588986e-01
5.632127462221167002e-01
1.204762627815683107e-01
5.439114855015889649e-01
3.250942653594972309e-02
5.582451336945398745e-01
2.916703319787070647e-01
4.786387998597158022e-02
9.084711471436175412e-01
2.793133021053229026e-01
3.323150529115820873e-01
6.144493754339713787e-01
4.316001986445103800e-01
5.333495827676127954e-01
9.292908154498165096e-01
6.645637941196691489e-01
