9.656314414156867088e+00
7.145259057021546845e+00
1.175592259593838662e+01
7.286817065661971071e+00
1.770805155826997535e+01
6.228959762955796897e+00
7.665078183670994250e+00
8.087766428127208584e+00
8.716269805983102970e+00
6.334557466962124295e+00
5.426321773388559144e+00
6.734814719845745756e+00
8.244375975216064134e+00
9.533040549460441326e+00
9.097961162167981897e+00
9.634703884226984982e+00
8.720000854108684862e+00
1.245287212161117374e+01
9.104883958709022451e+00
9.522383313802956550e+00
7.485083547799637138e+00
1.113489145450622964e+01
8.349671569898902135e+00
6.950739122372218581e+00
6.038096348671124325e+00
5.802530598609640045e+00
1.484832977230488638e+01
6.107943069416331916e+00
1.412881283061740767e+01
5.395480420308825131e+00
9.722822422903947270e+00
7.950252625130422857e+00
7.613379336465662561e+00
1.113279898271778201e+01
1.042547343662667103e+01
1.255452028837729728e+01
8.428030102508934363e+00
6.790878654792178004e+00
1.023944894215234136e+01
5.715173750038591294e+00
4.667100301292268050e+00
1.253091985267042219e+01
6.595342844468867760e+00
8.731901481071561832e+00
1.511458753229721630e+01
1.029576496892800286e+01
1.006183277171301249e+01
7.435388988816321820e+00
8.161825065403306212e+00
1.194298579519405124e+01
7.645755414421032015e+00
9.053211090000100825e+00
9.992884225167262713e+00
6.369830568028400641e+00
1.357212574758039203e+01
7.640824463687461154e+00
6.845177717207598711e+00
1.022084778206939681e+01
9.550214951500628047e+00
9.894847357441031832e+00
7.267974169445998278e+00
7.946032183088158618e+00
1.395481349760609291e+01
6.550217265627376051e+00
1.627953684912145960e+01
6.453255574089487467e+00
8.396474672374054649e+00
5.649519135335986597e+00
1.309573996962007669e+01
8.355687901261498851e+00
5.713776517053912762e+00
1.420717395961666263e+01
7.904618906995132477e+00
1.039147780910333196e+01
1.312042413685361275e+01
1.370466391343301460e+01
5.899876385117479138e+00
1.219666307682474482e+01
7.007861337779732303e+00
7.000647682237842062e+00
1.091744315086281425e+01
1.102609085912250109e+01
1.500267416431448808e+01
4.888157048633821056e+00
4.874116541259930990e+00
7.882093489391390762e+00
1.996890118313374174e+01
4.011584779200695117e+00
1.579818317998270949e+01
9.222452894418699643e+00
6.053627631329970171e+00
7.024242847380816279e+00
7.704130413557752632e+00
5.894348167453970611e+00
1.504025044713714898e+01
7.363254334561082359e+00
9.197034536824455486e+00
9.035623660643977928e+00
8.793132387813075823e+00
1.544201480468721144e+01
9.984338093944701953e+00
1.779847931212290746e+01
1.103379786694346798e+01
1.218708003944429485e+01
9.248193915249556696e+00
4.282974537069862642e+00
8.826221642871063366e+00
6.852752793347154814e+00
8.610001489214848647e+00
1.027934939179480622e+01
8.014394356620021753e+00
1.005085415129327941e+01
6.283096467732735668e+00
9.890494958939639147e+00
1.335141576599679958e+01
1.768801528298853754e+01
1.374585495236889621e+01
1.203526479352324330e+01
7.741116495244913409e+00
9.870667317633147420e+00
9.186087888007625324e+00
1.109780825482647160e+01
6.001322399792040407e+00
8.900792859043818339e+00
6.129528994267634978e+00
1.294191030156772371e+01
1.242175080033916679e+01
1.368091531593463195e+01
9.092456906554495788e+00
7.478146705430856578e+00
5.107209464670998678e+00
6.200125705543007015e+00
6.003225539274724021e+00
1.487731240299508784e+01
9.520172002800379119e+00
1.276034311249313546e+01
1.688692585449823724e+01
7.068448717748124110e+00
1.021643847974334030e+01
1.216183242131130804e+01
1.347161971298663907e+01
1.043516003293201599e+01
1.460592590551666170e+01
1.049104888821557680e+01
1.777561491189089793e+01
9.392174071895036391e+00
1.537571443654065462e+01
1.211969126023308618e+01
5.384642029346882630e+00
8.875774457188075672e+00
8.380711778840273851e+00
8.994108093541877125e+00
1.512870200463689407e+01
1.251744197300020645e+01
1.203613486208240779e+01
6.807123526916043055e+00
7.593834888446961529e+00
7.976558198288493884e+00
4.918039349458114273e+00
5.291959569768349247e+00
4.691881846394302613e+00
9.156805656017642292e+00
9.048645395639733024e+00
8.156509317988755114e+00
7.428525813701587488e+00
1.147860574261511601e+01
1.480502647829422003e+01
7.765763714012098085e+00
1.119060452538407446e+01
1.081681272262106042e+01
1.541896157625324015e+01
1.004930803755305568e+01
5.312863470838266267e+00
1.153597997935583130e+01
1.593999750384658576e+01
5.926211988095076322e+00
1.662749785092879407e+01
1.290221806149067341e+01
6.121707123666594974e+00
9.188186039124838445e+00
1.496027769161999821e+01
1.405374896700344856e+01
1.029583141797422030e+01
6.623468509857107556e+00
9.996933110605580097e+00
8.812564514966313212e+00
9.060589915262639238e+00
8.419207274888004022e+00
7.874016379805436117e+00
5.353755210605760873e+00
1.032221332394573921e+01
1.368231975554179414e+01
6.852023442471559811e+00
5.876046660157533630e+00
6.594921280316456524e+00
6.938971179831099789e+00
1.236029866207546313e+01
1.144182609326170130e+01
1.141690043427504264e+01
1.283412535572491819e+01
5.616134499304989092e+00
4.309403100441850043e+00
5.689571044868207750e+00
8.848272237449739563e+00
8.994953525277315620e+00
6.794797170576605261e+00
9.966877296318200408e+00
7.055606119093883244e+00
7.621639131940263212e+00
6.784050784256318245e+00
1.036660432603521009e+01
5.800206163202340726e+00
6.812567121486329036e+00
7.746927715571708895e+00
4.974101661889063664e+00
9.002039590720755768e+00
4.947744437143038354e+00
8.470584499009946811e+00
5.207156333920933911e+00
6.640397753663503266e+00
9.202375868388896762e+00
1.422757320152736327e+01
1.229281426427771784e+01
8.436553813669771529e+00
7.530411378730016203e+00
1.110019248248693735e+01
1.150756045032342278e+01
8.261387257011586271e+00
6.302147569938235883e+00
1.093220372406747032e+01
8.680716212107670415e+00
6.465313150474391257e+00
1.126641597198452516e+01
1.192749927863974513e+01
5.666578630258039873e+00
8.565789249420141971e+00
6.000741178418037336e+00
1.105268349823484719e+01
1.009798076084753404e+01
1.899020184410458256e+01
9.372175584190115316e+00
6.419272338025299618e+00
9.840184939048628010e+00
8.808688775281796168e+00
1.086496520927649811e+01
1.112966141061636982e+01
9.033007068842119125e+00
6.731836296937710351e+00
1.195732655450858317e+01
9.669035744010749056e+00
