8.969740189782968219e-12
1.122390321266875796e-01
1.000000000000000000e+00
1.356189549171855648e-23
1.557558504053452847e-34
1.804401364829540111e-02
1.681457210744740171e-17
3.207998733152063742e-01
9.999999999972646325e-01
3.531735069860569167e-31
9.999999999937594364e-01
1.878019523046868018e-21
2.145547401157940771e-21
9.999999997217647874e-01
9.615572524167556295e-14
3.449800334274911262e-44
9.999999999797022365e-01
9.999999981801002136e-01
9.545852434475370342e-29
7.682557138501701554e-36
1.534108273579997657e-06
2.077647303634309889e-16
9.999999031678057371e-01
1.000000000000000000e+00
4.009713406509116504e-35
1.892906874313233213e-30
7.265555758271966535e-01
1.000000000000000000e+00
3.909050117368081281e-23
9.989688529592471999e-01
1.000000000000000000e+00
9.867027485204283854e-01
9.999999999998745448e-01
1.000000000000000000e+00
1.000000000000000000e+00
1.000000000000000000e+00
9.999999999999520384e-01
1.898914989757189041e-30
4.127613095672312886e-16
9.839029706530474373e-01
1.000000000000000000e+00
1.088118582311051269e-37
1.000000000000000000e+00
9.999999987218803899e-01
1.000000000000000000e+00
9.999999989039816128e-01
2.107280110901504816e-13
3.485291853762415874e-23
4.147836317872037509e-28
5.880366752361615784e-16
1.000000000000000000e+00
4.533018754551194213e-02
2.916085928009116986e-27
9.999997489483682944e-01
9.999998564520784505e-01
1.000000000000000000e+00
1.000000000000000000e+00
9.999999757814593826e-01
2.088581855255306175e-16
1.000000000000000000e+00
1.000000000000000000e+00
9.999788489948998604e-01
1.000000000000000000e+00
9.999999999999886757e-01
2.689165834283144949e-05
2.208745215629262320e-08
6.828857541706054822e-03
6.265386167578749664e-05
1.000000000000000000e+00
9.999999922439831712e-01
1.000000000000000000e+00
9.999999454955762479e-01
3.819331298320110533e-27
9.999999959504559666e-01
5.258055520213802031e-08
1.504967259376081981e-37
1.000000000000000000e+00
9.481369672893883684e-39
7.935767957964589420e-03
9.999999990506218683e-01
1.000000000000000000e+00
1.000000000000000000e+00
4.197614116523383295e-40
4.745616827953389724e-12
4.285923119100613238e-17
1.724011063849348986e-25
1.000000000000000000e+00
8.254642835806006440e-01
1.000000000000000000e+00
1.000000000000000000e+00
9.997186958564596715e-01
9.999999913556320008e-01
9.999999999982480681e-01
8.844774713014851311e-31
9.999999912331795082e-01
1.000000000000000000e+00
6.016422825112581002e-45
9.715846385288502418e-01
1.000000000000000000e+00
4.859027320167839644e-05
