9.708960265526485334e-03
9.997590685230784979e-01
1.897604139849174559e-02
3.582221572823968375e-09
9.969285253909795363e-01
8.954955970716693692e-01
5.641747016225195921e-02
9.998624771522924837e-01
2.375704415197913422e-01
2.158571854982060598e-02
9.999942313449274867e-01
5.414203593264006959e-04
9.179310893863408191e-03
8.303639951782395981e-04
2.231900369476843005e-01
9.221004240243940719e-03
8.977994128148008310e-05
2.096467173840052545e-01
9.999999741656406815e-01
9.951781951060875153e-01
1.276610669333806008e-04
1.331022391653172631e-03
1.550763818984962975e-02
5.533004160165406327e-07
7.270443810319954236e-02
8.062391021300767055e-03
8.296770168921623403e-03
6.642137448829531499e-01
6.227169200560550673e-06
7.873327995241441999e-05
9.987185076924448568e-01
7.572232775134968286e-01
5.486922557941260603e-01
7.404511528707218015e-02
2.656783037737868932e-05
9.999994842176840315e-01
9.992186369690595482e-01
9.999979396111392527e-01
6.859743885533946063e-07
4.607588012620081885e-01
9.999990964713952879e-01
4.791290068787240711e-05
9.999887787219926549e-01
9.998251394338282250e-01
8.332788214618629397e-01
4.045445647869444494e-02
5.230836572856892991e-03
9.626358713548253121e-01
1.074997613022018461e-01
9.919851408751086952e-01
9.999935163648988601e-01
7.165977490652728488e-01
1.822216281176319286e-01
2.663998932812114830e-07
2.721015450909660197e-02
9.999999054497129558e-01
8.803485895030936925e-01
9.999999640429984016e-01
4.271164801846156161e-05
9.985307972336963100e-01
1.122350741683625233e-06
4.190251115497646561e-02
1.017547061045700254e-04
3.316678716390683013e-01
9.892122436075456715e-01
2.024129867099585980e-04
3.308768540539070990e-01
1.680682994043932940e-02
6.728325063145867979e-01
9.987417588947441471e-01
9.976968971288786570e-01
3.612770331806727797e-01
2.866101419796188325e-05
1.489619228297900410e-04
8.187649675434420515e-02
9.999999190512108838e-01
9.999999861213118013e-01
9.998884499673975634e-01
9.999994832533979361e-01
3.163933525444401207e-01
3.680427653100502017e-01
4.211955675712737365e-03
1.004064843648720534e-01
6.766174842490528807e-01
3.904406567972117602e-04
9.999876668500385923e-01
9.938860762867826049e-01
1.180540022462328543e-03
1.164580366172240505e-01
9.998387181119543499e-01
9.977213780226860118e-01
1.730415376458910581e-01
4.826588540547571693e-01
9.144454017207953589e-01
9.999827501365251559e-01
9.999822484362367314e-01
7.415011235494592791e-04
9.922484501295768533e-01
9.999999651409788859e-01
1.739095078662763565e-07
